010111100011010010000100101100001101100100000001110111100010111001001011110010010111010011111101
011010010011101110000101001101111011000000011111101010101100110100100000011100111100101100110010
000100111100011111101111110010000010011010010110011110101001010101001000011001001101100010101011
000001011101101111000001011110101000001101111100111101100110110010110001101110000110110000000011
100101011110010001101111010111000110110001000110010001101101010101001000101110100001001010111011
111011111001011100010100110110110110111001101110011101001111110010000010100000010100000010001010
010100000010011100110011110001100101100010110100011111111000000101000101110111001101111011010100
100010100110001111111110101100010100110100101100100000011010011100111001100001001010011010011111
010111100010011101011000100010011101101011111000110010111001110110111101000000000110110001010100
101100010100111010100011000010100100001110011111110101000011110010100100111001011111111000000101
011111110110111000000001110010000001110100111000111001110000101111000111001111100001000100111001
010000110000100110101110111111100110010100111010001010000010010100111001101011000001110111110101
110011000010010000010100111010001000111001001100110010110011001111111110100010011001001111011101
000110101110000000111110001001111010010111100100010010111111000101011010110110010111000100101010
011110011001000011110100001110101110100111011001001111001100011010110000110011001101101000010100
110101110001110100110110110111010001110111101001000011101000000011010010001100101110110001100001
011110110000001100011011001011110101100001111111110100010000000011110000100110011011111000101010
111110011011000110110001111101000100011000000100000000011001001001110111011111100101010011101101
110110110000001000111000100110101101111111000100010111111100010100100001000110010111100011100011
001010001111101000001100111010101110010101001000101011000011010111001111001110101000001101111001
110100101010100010000001011100000111111010111010101100111101010010100100111000011000101101111001
011001001000100110110100101100100001111000111111100001110110001000001010010000011111111111100011
100110100011110011010001011011000001111011000001010000110101010110011101111100111010010001101010
101111101001111101100100010010001000100111100000100010111010011000101000111101111011110000001011
000011110000110101001100111100010001011111111001110001010110001001100010001110011011001111011000
011000110001111110000000100111001010010101000011100110101110011010101101100001000011111101101101
010001101111011011111100101000111010100110010011000100001101100001111101001011110000001100010011
001000111100111101001101001011001101001100101110110100111101001011000001000000101001110101110110
101100100110100101111000011000111100001110111100001010000111100011110110100100011010001011100011
001111010110010100111001111101111011001001100100011011111001100101100100110100000010101010100000
010001100101000101011011011100010000110000000100011111101101111110111101011011011110100100000010
101100110110001110110001111111100001000100011011111110011110011010000101100100000101010000110001
111101110001000011100101010011010110010100010101000111000011110001011101111001000111000100101011
001000100011101011010111110100111110000110100111100000100010011100011101111111000100001011100010
011010000100001001001100100110011110101001111111011101001011010001011111100000100111001011001010
111011101110100000011001100111000111101010000111110001011010001100011110011100001000101110011000
111010010100011111011010111100000001011111100011100110000111001011100010000100110000011010101110
000111110001010010011101110100011010000011111001110111110101010011001110010011000110100101000001
111001011100011000111111011100001011001100001100011001101010000100000000111111111111100000111000
001110101111110010111011001011010000010110001001101110011010110110111101000001110001100001000010
100111100101101110101000011111111110100001100001011000000011011100001000010110101100110101100101
001011101110010001110111000110110110000100100100001011110101001111001100001011101000110011101100
100111110000100100000010101111001111101101001101100000110000101001111111010100000010101111001101
001110110111100010010011010101011010111101101011000100001001000000101000010011001100011011111111
011010000010010100110000101001110111111000110100011110101111100100000100100111001111101110000011
110100100110101000110000000100101100110111001111000101001010111110100101001100111011101110101000
110100000011000011000001100011111011101011000010100111101000100011111100010001011111010100110111
010010000000110110111011000011101111101101101100011110001000011100101101110000011100100110110001
111001110000011011001000101110101100100000100011010000101001000011110010101111111111010010111010
111111001011000011110011101010001100000101000101001011101000111010011001010101100011000110101110
111000111010100000001110110011011001001101010010001011101001110111110100100011011010110111000000
110011001110001010001111100001001110010011110111110101001010000011100100110110100000100111001011
010101010011011000110000011101011110100010100000010011010110111011111010100110110101110010000011
011101010100001010011001111110010010101111101011100100100001101101100100111010100010011000010011
111101100000101100111100100010110010100111010000001111000000111000100001010101011101011111111100
110010011010000100101100110111100101110000001010011110110011001000010100101101100011111001001111
000100010010010000101101001111001001000101111011111011101111000011101100110100000001110110111100
000011000010011110011111000100110110010010011100000000110011100011001011011110011011111101110010
010001001100111111101010001000010011100011100111010010011011000101100000101011101011001110110101
000011010000001100010111010001010101110101011011011100001101010110101000110011001110001111111001
010000011000101111001001101100100000100001101011001111010100101001111010011011100111011001101101
010110011110101110000001010101101010111000100000101011100101010101001001101010100111011011011001
101011000010110010101111000100110000000010101110100011101101110010110110011100001100111101010011
101011000001000010010110101000100111111010101101111100001110101101011010000101010101001010111100
010011000101111101011101010101111001000111110111110100011100000001010000011100101010001110001010
000111010101000100100001000001101001100110000100000001001101111101011110110110111101110011111110
000101000010010110101100110011100010010111011110110001100111010001101011111100000111010010011001
001011100101100100010110010010011010111011010101101100110011101001000110100011000110000111111001
011011101001110011011001110101010011110010000011100001001001011100100111011010001010011111100000
010101011000111000101011111111001000000111011101010101001010011010000100110001000111101001101110
000011100000111111000010001111111100111000000110100011001010000100111101010110011111001101001011
100000101101010111010110000110100000100011100010111110110000001111101101010111011010011110010100
011100000110110110001111000101001000111001111111011111100011000011011010000111000101110100000010
111000110110010001100001110111100100111101001100110100000010010110100111100001010111010111100010
000001110001010111011000011010001101001111001101011000110110010110000111011100100011001110010111
010100100010110101110010010111101010100000100111100010111111110010010101000000100100101101111110
110010100001001010100100111100010010001101110000100100011110111011101111100111010010011110001100
111000100110000101100010111101010001000000010011111000110111111000010110001111111110101010000110
111000101111010001111001101100001001100101000101000001001110111111000001110011101110100011011000
010011111010110110101101010010101001011010100000001101010011101011001100000001111011001001101101
100001010011000111000101000011111001101001101001101111100000001101011111111000110000001101010111
011000101001010110000100110110100111111010000001110011001000101011111110000010011000110111101110
100110100110010111100011001001101101100110100100111010110010011111010111110001011001000000000110
010000100110001010001000101110110110001011110000110111111111111000110101010100000011101101101000
100001100110101100100110110011100101000000110101111100001010101010111111100001001010101111110000
000001111010101100111110101100000010111000000010100001011100111010100010001111111011110001111001
100011110110001001100101000101100010000111000100001110010011110110101001001001101001101101111111
010110100100100010110100001101011010011111101100010101101001101011011100101001000000101111101010
111100010100000101101011111001101110000101011100001100011000100100000001101110111011111110001100
011100100010111101101101011110101000011110011000111100110010110110100000000110001001011100011010
011111110101111001001100110000010101001101001011100100000011001011111111110000001111010000101000
110100010011101101111010111001100111110000101000101100100010001110001100101001010110101111010000
011010010110011011110000000101110011100100001101100001101000011111011010010101110110101001100110
110101011100100011010111000111001100100010110000111001010011011011011101000001000100111010011110
111110010101000001010100010111001010001001110000111110101001110110010111011010010010001111100100
