100000000000000000000000000000001011000100101000101111010111100010011011010100100000011110001110
010000000000000000000000000000001110010011101111011111100001101010110101010001010001101000000101
001000000000000000000000000000001100100110010101101100010110010010101100101000110001100001100011
000100000000000000000000000000001001000000101101100001111111100100011110011101110011100000110111
000010000000000000000000000000000010100100010110100111011101000100111011011011111100100110101110
000001000000000000000000000000001110111011110101000010000101111101001011000011001111000001111111
000000100000000000000000000000001011011110000010000011010000110110000001101111000111100101010110
000000010000000000000000000000001001100010101010101011101000001001110101011000001101011101100011
000000001000000000000000000000001111000011010001010001111111011001001011100111111110111101000000
000000000100000000000000000000000111111010001001111001010011010101100011000110001100010101101011
000000000010000000000000000000001110011101111000011100011000111110001110100100100000000111001010
000000000001000000000000000000001110001010010001011110010110010011100000111100101001111001101111
000000000000100000000000000000001010100001111111100001100110101101101100011001110101001011010010
000000000000010000000000000000001101011101110001100000100110111001001001101110110100001011110010
000000000000001000000000000000000000100100101000010011000011011000110010110011001110010010100111
000000000000000100000000000000001000100000101011001101110100110010001101001010100011100011011000
000000000000000010000000000000000100000111011001100001111100111000101011010010011111101001010011
000000000000000001000000000000000100101100010111101111010111010000101111101101101110000011111111
000000000000000000100000000000000010001000101010000101010001110000100111110100000100101001000010
000000000000000000010000000000000001011111011001011010011111010110111110101010011010101100100011
000000000000000000001000000000000010001101101001000110001000111011000100001110001010110000011101
000000000000000000000100000000000110010000110100010001000000110001101110000111000111010001110010
000000000000000000000010000000001000100101110011001100110001010001001011100101001111111000100100
000000000000000000000001000000001001100100001111011111001011100011001100110001111000101110100111
000000000000000000000000100000001100111000101001000011001111010111010101110011101011111111100100
000000000000000000000000010000001000111100101100010010111101101011111101101111011110000011100101
000000000000000000000000001000000110000111110000011110100111101111000101001011000010110011100011
000000000000000000000000000100001000010100001110100000001000011101100011010010001101011000111001
000000000000000000000000000010000111111101111001011111101001001101011010001111100101100000001100
000000000000000000000000000001001100111000001010100001010010001111111101100001110000101010001100
000000000000000000000000000000100011011111111100111111111011000001011101111111111010001011001110
000000000000000000000000000000011010000110100110100111000000111101000101111101011001000110001111
